41 3 2 0 6 2 5 37 29
42 3 2 0 6 29 37 38 30
43 3 2 0 6 30 38 39 31
44 3 2 0 6 31 39 40 32
45 3 2 0 6 32 40 41 33
46 3 2 0 6 33 41 42 34
47 3 2 0 6 34 42 43 35
48 3 2 0 6 35 43 44 36
49 3 2 0 6 36 44 21 3
50 3 2 0 6 5 6 45 37
51 3 2 0 6 37 45 46 38
52 3 2 0 6 38 46 47 39
53 3 2 0 6 39 47 48 40
54 3 2 0 6 40 48 49 41
55 3 2 0 6 41 49 50 42
56 3 2 0 6 42 50 51 43
57 3 2 0 6 43 51 52 44
58 3 2 0 6 44 52 22 21
59 3 2 0 6 6 7 53 45
60 3 2 0 6 45 53 54 46
61 3 2 0 6 46 54 55 47
62 3 2 0 6 47 55 56 48
63 3 2 0 6 48 56 57 49
64 3 2 0 6 49 57 58 50
65 3 2 0 6 50 58 59 51
66 3 2 0 6 51 59 60 52
67 3 2 0 6 52 60 23 22
68 3 2 0 6 7 8 61 53
69 3 2 0 6 53 61 62 54
70 3 2 0 6 54 62 63 55
71 3 2 0 6 55 63 64 56
72 3 2 0 6 56 64 65 57
73 3 2 0 6 57 65 66 58
74 3 2 0 6 58 66 67 59
75 3 2 0 6 59 67 68 60
76 3 2 0 6 60 68 24 23
77 3 2 0 6 8 9 69 61
78 3 2 0 6 61 69 70 62
79 3 2 0 6 62 70 71 63
80 3 2 0 6 63 71 72 64
81 3 2 0 6 64 72 73 65
82 3 2 0 6 65 73 74 66
83 3 2 0 6 66 74 75 67
84 3 2 0 6 67 75 76 68
85 3 2 0 6 68 76 25 24
86 3 2 0 6 9 10 77 69
87 3 2 0 6 69 77 78 70
88 3 2 0 6 70 78 79 71
89 3 2 0 6 71 79 80 72
90 3 2 0 6 72 80 81 73
91 3 2 0 6 73 81 82 74
92 3 2 0 6 74 82 83 75
93 3 2 0 6 75 83 84 76
94 3 2 0 6 76 84 26 25
95 3 2 0 6 10 11 85 77
96 3 2 0 6 77 85 86 78
97 3 2 0 6 78 86 87 79
98 3 2 0 6 79 87 88 80
99 3 2 0 6 80 88 89 81
100 3 2 0 6 81 89 90 82
101 3 2 0 6 82 90 91 83
102 3 2 0 6 83 91 92 84
103 3 2 0 6 84 92 27 26
104 3 2 0 6 11 12 93 85
105 3 2 0 6 85 93 94 86
106 3 2 0 6 86 94 95 87
107 3 2 0 6 87 95 96 88
108 3 2 0 6 88 96 97 89
109 3 2 0 6 89 97 98 90
110 3 2 0 6 90 98 99 91
111 3 2 0 6 91 99 100 92
112 3 2 0 6 92 100 28 27
113 3 2 0 6 12 1 20 93
114 3 2 0 6 93 20 19 94
115 3 2 0 6 94 19 18 95
116 3 2 0 6 95 18 17 96
117 3 2 0 6 96 17 16 97
118 3 2 0 6 97 16 15 98
119 3 2 0 6 98 15 14 99
120 3 2 0 6 99 14 13 100
121 3 2 0 6 100 13 4 28