1 0 0 0
2 0 1 0
3 2 1 0
4 2 0 0
5 0 0.8888888888884262 0
6 0 0.777777777777932 0
7 0 0.6666666666675918 0
8 0 0.5555555555572513 0
9 0 0.4444444444462943 0
10 0 0.3333333333347207 0
11 0 0.2222222222231471 0
12 0 0.1111111111115736 0
13 1.777777777776852 0 0
14 1.555555555555864 0 0
15 1.333333333335184 0 0
16 1.111111111114503 0 0
17 0.8888888888925886 0 0
18 0.6666666666694414 0 0
19 0.4444444444462943 0 0
20 0.2222222222231471 0 0
21 2 0.8888888888884262 0
22 2 0.777777777777932 0
23 2 0.6666666666675918 0
24 2 0.5555555555572513 0
25 2 0.4444444444462943 0
26 2 0.3333333333347207 0
27 2 0.2222222222231471 0
28 2 0.1111111111115736 0
29 0.2222222222218165 1 0
30 0.4444444444434286 1 0
31 0.6666666666650021 1 0
32 0.8888888888865757 1 0
33 1.111111111108767 1 0
34 1.333333333331575 1 0
35 1.555555555554383 1 0
36 1.777777777777192 1 0
37 0.2222222222219643 0.8888888888884262 0
38 0.444444444443747 0.8888888888884264 0
39 0.6666666666654952 0.8888888888884264 0
40 0.8888888888872439 0.8888888888884262 0
41 1.111111111109404 0.8888888888884262 0
42 1.333333333331976 0.888888888888426 0
43 1.555555555554548 0.8888888888884262 0
44 1.777777777777154 0.8888888888884262 0
45 0.2222222222221121 0.7777777777779318 0
46 0.4444444444440654 0.7777777777779322 0
47 0.6666666666659886 0.777777777777932 0
48 0.8888888888879118 0.777777777777932 0
49 1.111111111110041 0.777777777777932 0
50 1.333333333332377 0.777777777777932 0
51 1.555555555554712 0.777777777777932 0
52 1.777777777777116 0.777777777777932 0
53 0.22222222222226 0.6666666666675918 0
54 0.4444444444443838 0.6666666666675918 0
55 0.666666666666482 0.6666666666675918 0
56 0.88888888888858 0.6666666666675918 0
57 1.111111111110679 0.6666666666675918 0
58 1.333333333332778 0.6666666666675918 0
59 1.555555555554877 0.6666666666675918 0
60 1.777777777777079 0.6666666666675918 0
61 0.2222222222224078 0.5555555555572513 0
62 0.4444444444447022 0.5555555555572513 0
63 0.6666666666669752 0.5555555555572513 0
64 0.8888888888892481 0.5555555555572513 0
65 1.111111111111316 0.5555555555572513 0
66 1.333333333333179 0.5555555555572513 0
67 1.555555555555042 0.5555555555572513 0
68 1.777777777777041 0.5555555555572513 0
69 0.2222222222225557 0.4444444444462944 0
70 0.4444444444450206 0.4444444444462942 0
71 0.6666666666674683 0.4444444444462943 0
72 0.8888888888899162 0.4444444444462943 0
73 1.111111111111954 0.4444444444462943 0
74 1.33333333333358 0.4444444444462943 0
75 1.555555555555206 0.4444444444462943 0
76 1.777777777777003 0.4444444444462943 0
77 0.2222222222227036 0.3333333333347207 0
78 0.444444444445339 0.3333333333347207 0
79 0.6666666666679617 0.3333333333347207 0
80 0.8888888888905844 0.3333333333347207 0
81 1.11111111111259 0.3333333333347207 0
82 1.333333333333981 0.3333333333347207 0
83 1.55555555555537 0.3333333333347207 0
84 1.777777777776966 0.3333333333347207 0
85 0.2222222222228514 0.2222222222231472 0
86 0.4444444444456575 0.2222222222231471 0
87 0.6666666666684549 0.2222222222231471 0
88 0.8888888888912523 0.2222222222231471 0
89 1.111111111113228 0.2222222222231471 0
90 1.333333333334382 0.2222222222231471 0
91 1.555555555555535 0.2222222222231471 0
92 1.777777777776928 0.2222222222231471 0
93 0.2222222222229993 0.1111111111115736 0
94 0.4444444444459759 0.1111111111115735 0
95 0.666666666668948 0.1111111111115736 0
96 0.8888888888919206 0.1111111111115736 0
97 1.111111111113865 0.1111111111115736 0
98 1.333333333334783 0.1111111111115736 0
99 1.5555555555557 0.1111111111115736 0
100 1.77777777777689 0.1111111111115736 0